0.16712925958044347 -0.03885554640961244 
-0.01344492546320944 -0.02242258018053433 
-0.0567495807703768 -0.09382544498650829 
0.4944296498079771 -0.18886211418117163 
-0.02132883794063439 -0.0594530617308616 
0.05367155432966851 0.15744865377024794 
0.12530580611876402 0.026330862173272823 
0.5470583318836427 0.27962946691166457 
-0.09576748546693271 -0.15910776789207065 
0.8422604098540789 0.19215571898056252 
-0.03543946761564891 0.10021335936505249 
-0.04782492298999311 -0.08298134804286125 
-0.012181315987054117 -0.021124559731635094 
0.1716199570009494 -0.13811224927078036 
0.45460207895207155 -0.1743055980821607 
-0.029606450769123768 0.0837522223381652 
-0.05517539929279076 -0.09118499700711914 
0.14481662597733194 0.23361208712960108 
-0.002708389792979061 0.1099664892981909 
0.38355121212563364 -0.14718107535803004 
