0.47581069403846354 0.10148856798972185 
0.027838618245502905 0.06857881159701598 
-0.03876267183597816 -0.17660124725332021 
0.018484261077492344 0.025272734196556044 
-0.02518855776976625 -0.11475753090919229 
0.13930621281846467 0.3431857152099421 
0.3372793125099042 0.7097295638100495 
-0.008151868837066978 -0.04110048900786904 
0.03964526936307693 0.05420514460110581 
0.10949458295400497 0.2697381688686137 
0.6658855010538028 -0.06622407842824832 
0.528707058245956 0.016197282225224832 
-0.005905209245699998 -0.02980899673266096 
0.72495628110579 0.16287821330005173 
0.03606126191665358 0.08883632600498972 
0.057211036055865735 0.14098947884369004 
-0.024078681356206298 -0.12140530949210361 
-0.013894173512606864 -0.07005236056030047 
0.08906597551271482 0.21940904485083224 
0.0669781310050794 0.16500298250316303 
